{
  "generated_by": {
    "program": "augur",
    "version": "7.0.2"
  },
  "models": {
    "country_exposure": {
      "alphabet": [
        "Algeria",
        "Argentina",
        "Australia",
        "Austria",
        "Bangladesh",
        "Belgium",
        "Bosnia and Herzegovina",
        "Brazil",
        "Brunei",
        "Canada",
        "Chile",
        "China",
        "Colombia",
        "Costa Rica",
        "Croatia",
        "Cyprus",
        "Czech Republic",
        "Democratic Republic of the Congo",
        "Denmark",
        "Ecuador",
        "Egypt",
        "Finland",
        "France",
        "Gambia",
        "Georgia",
        "Germany",
        "Ghana",
        "Greece",
        "Guam",
        "Hong Kong",
        "Hungary",
        "Iceland",
        "India",
        "Indonesia",
        "Iran",
        "Ireland",
        "Israel",
        "Italy",
        "Jamaica",
        "Japan",
        "Jordan",
        "Kazakhstan",
        "Kenya",
        "Kuwait",
        "Latvia",
        "Lebanon",
        "Luxembourg",
        "Malaysia",
        "Mexico",
        "Morocco",
        "Netherlands",
        "New Zealand",
        "Nigeria",
        "Norway",
        "Oman",
        "Pakistan",
        "Peru",
        "Philippines",
        "Poland",
        "Portugal",
        "Romania",
        "Russia",
        "Saudi Arabia",
        "Senegal",
        "Serbia",
        "Singapore",
        "Slovakia",
        "Slovenia",
        "South Africa",
        "South America",
        "South Korea",
        "Spain",
        "Sri Lanka",
        "Sweden",
        "Switzerland",
        "Taiwan",
        "Thailand",
        "Timor-Leste",
        "Tunisia",
        "Turkey",
        "USA",
        "Uganda",
        "United Arab Emirates",
        "United Kingdom",
        "Uruguay",
        "Vietnam",
        "?"
      ],
      "equilibrium_probabilities": [
        0.01405822991172588,
        0.01192879097546944,
        0.005129821708742529,
        0.009802930971038742,
        0.013413776132288358,
        0.004176909317730168,
        0.01021307968903517,
        0.007903685738695461,
        0.015753411104687243,
        0.008189666531443507,
        0.008979191585703197,
        0.005768054612603794,
        0.005036102461817628,
        0.012508118830896834,
        0.010448761667942345,
        0.01503060999222471,
        0.013442016756539705,
        0.014926696963654038,
        0.010229279288932257,
        0.01532825197616929,
        0.011400734723821944,
        0.012972753662562786,
        0.0046214094092923985,
        0.015432187282114708,
        0.012616502473844944,
        0.00934739412173098,
        0.013247505774430573,
        0.01450024252096994,
        0.015408556835015852,
        0.01301854108767933,
        0.012088727976994241,
        0.013510977152436224,
        0.00653716990490261,
        0.011953843529681442,
        0.013268426514764557,
        0.012880813184258407,
        0.005993771363075517,
        0.0038683369028156196,
        0.012392548230550509,
        0.011563148192542071,
        0.014356277158761166,
        0.014237090268168915,
        0.01357161837533572,
        0.01579935189146856,
        0.013407682882968192,
        0.015254595332602443,
        0.014714538691068962,
        0.013872773478135366,
        0.010285097715054672,
        0.011520305821229475,
        0.006109238804181818,
        0.00656976082389151,
        0.013684685194234358,
        0.011199929103155992,
        0.013556011535328523,
        0.015376933038093291,
        0.015442673503111848,
        0.014935183885888017,
        0.009205559428953588,
        0.014710878509444554,
        0.013010429355011219,
        0.007801713734563103,
        0.009510872826552587,
        0.012131268950539656,
        0.014126660710087533,
        0.013240913799717187,
        0.013819649162756367,
        0.01430128597634074,
        0.012569078890050442,
        0.015357815186433183,
        0.013290922164861881,
        0.006573626162616187,
        0.015496623435686557,
        0.005826832237825317,
        0.004761801374110636,
        0.012204464666609686,
        0.01286503086438171,
        0.015470778511175506,
        0.014021514227799695,
        0.010894645984499317,
        0.0050645227984440705,
        0.0128101053942452,
        0.013818534577135343,
        0.008750481378282375,
        0.013831911084840389,
        0.011747354043532034
      ],
      "rate": 455.6245606963941,
      "transition_matrix": [
        [
          0.0,
          0.9416915016065457,
          0.9421898779395523,
          0.9417621198946692,
          0.9410330698361214,
          0.9421425985697576,
          0.9416356664884227,
          0.9413125015353779,
          0.9407591815430769,
          0.9414728236766022,
          0.941239337302314,
          0.9401377919119414,
          0.9423544295378545,
          0.9410607797610028,
          0.9412552106196778,
          0.9415341154055848,
          0.9415589629952351,
          0.9411132752428524,
          0.9417340230054434,
          0.9407735749969837,
          0.941349511287704,
          0.9409768317879439,
          1.4077561199296678,
          0.9411314581391318,
          0.9410806825188875,
          0.9419384408716975,
          0.9413377268920514,
          0.9412478410299706,
          0.9407720537358227,
          0.9409406206919799,
          0.9416046613343766,
          0.9411135509525036,
          0.9429032003246289,
          0.9413145734855979,
          0.9418894824929975,
          0.9416923701464316,
          0.9418567870887379,
          0.9428740125692646,
          0.9408269214373396,
          0.9414314756672482,
          0.9412186838301925,
          0.9407448797921547,
          0.9408529282299244,
          0.9410538647858727,
          0.9412147879462553,
          0.9409328503368816,
          0.9408988398257779,
          0.9408075491065374,
          0.9412882801014291,
          0.9416039839502686,
          0.9409644006098676,
          0.942694145581403,
          0.941278970846463,
          0.9413698950722319,
          0.9415529812192521,
          0.9408531067244491,
          0.9407765542358114,
          0.9408504130601414,
          0.9422143016093039,
          0.9418927404750368,
          0.9412951371074032,
          0.9442089625994627,
          0.9409868531105439,
          0.9411482197861791,
          0.9413270015894717,
          0.9410275421902597,
          0.9407781508753651,
          0.9414542953206259,
          0.9413602340411452,
          0.9407777487120385,
          0.9406926549847815,
          0.9419112780745049,
          0.9412718384792101,
          0.9429479621719581,
          0.9415237166353395,
          0.9413292077165516,
          0.9409896390852316,
          0.9411033440768367,
          0.9417334347284053,
          0.9411758362716989,
          1.4084786756111483,
          0.941301856488646,
          0.941453390548392,
          0.9425098391023021,
          0.9413111745986545,
          0.9423742511069662
        ],
        [
          0.9416915016065457,
          0.0,
          0.9439828480331123,
          0.9442424833770253,
          0.9420692920270778,
          1.6740535444150366,
          0.9468082009550072,
          2.355475476374069,
          0.941701531684024,
          1.4058541792854764,
          0.9432437906189052,
          0.9435655310921836,
          0.9485569100782221,
          0.942080521582308,
          0.9442337064473412,
          0.9432670530143595,
          0.9431385637069273,
          0.9424595477164182,
          0.9469936861774777,
          0.9418893719442062,
          0.9425549329064448,
          0.942197750760467,
          1.2066337524684203,
          0.9422044973435172,
          0.942087955467739,
          0.9443367498182453,
          0.9426701075211632,
          0.942454233704281,
          0.9417022385086673,
          0.9419371596641869,
          0.9460918127356697,
          0.9421076395755927,
          0.9492206810980559,
          0.9422119974204268,
          0.9430208067727214,
          0.9437206600847986,
          1.4238836500548535,
          1.3584685283404105,
          0.9417151414097684,
          0.9426099236795923,
          0.942567468731681,
          0.9417666800148815,
          0.9418781913476963,
          0.9420794161415925,
          0.9424996078178554,
          0.942042725241337,
          0.9426006718631053,
          0.9417248956638921,
          1.2235725637192392,
          0.9431475156872535,
          1.2055909020170474,
          1.0794716282571561,
          0.9423669521789679,
          0.9443996480403825,
          0.9430506102584948,
          0.9419345888878979,
          0.9418229473685928,
          0.941716623997758,
          0.945125318048172,
          0.9440664514791195,
          0.9423264397355225,
          1.3646631647434655,
          0.9421616081033662,
          0.942968915413035,
          0.9428086834474815,
          0.9421411972960352,
          0.9417755357080905,
          0.9427915470592478,
          0.9860713334410253,
          0.9417904411802256,
          0.9415064774384767,
          1.117853004397773,
          0.9428889281795358,
          1.3973414559808883,
          0.9481344374044115,
          0.9425145882150501,
          0.9423433848968618,
          0.9421390422743466,
          0.9429634548750259,
          0.942515855339315,
          2.4852359657261887,
          0.9426247095721968,
          0.9425343129836637,
          1.0781340846640641,
          0.976067063632512,
          1.2344378224986599
        ],
        [
          0.9421898779395523,
          0.9439828480331123,
          0.0,
          1.7983144958602437,
          1.4157425748069068,
          1.8131690693179932,
          0.9792950551243208,
          1.5369330518380082,
          0.9422126322234918,
          1.0854544871807301,
          1.051967609635309,
          8.806024504164347,
          0.9487543168548719,
          0.9431225147741883,
          0.9435196575416269,
          0.9431579609862553,
          0.9433468805501795,
          0.9445181598505368,
          0.9450385628717244,
          0.9421741975668373,
          0.9434279622685056,
          0.9455754675119766,
          2.0100500483393993,
          0.9426617902204867,
          1.152498268880669,
          0.9528181342983616,
          0.9500539222224048,
          1.0371338150760283,
          0.9423576922174451,
          0.9435352021472302,
          1.2212823779094728,
          0.946918851088628,
          1.576850052397594,
          0.9460111371973983,
          1.6016154159916978,
          1.0064972313959912,
          1.725456058673341,
          1.1497062618197698,
          1.2311972722873996,
          2.0737031789749505,
          0.9473829062568931,
          0.9424267892144872,
          0.9458103031392886,
          0.94255341636141,
          0.9512407709164136,
          0.9426167300149841,
          0.943526791193282,
          0.9448547356193883,
          1.1963429615444,
          0.944789118609799,
          1.8583678826654209,
          1.1279500712950177,
          1.6416570874307619,
          0.9447235459049194,
          1.219111483328302,
          0.944669273791931,
          0.9421269658920004,
          0.9428613261262708,
          1.181652565092194,
          1.128910228554402,
          0.9436243850279553,
          0.9535633028389011,
          0.965531218996388,
          0.9435585599569555,
          0.9440129720278821,
          0.9432812871612457,
          0.9422580267367943,
          0.9440230085898342,
          0.9437934201695422,
          0.9421740987445065,
          0.9424520368822794,
          1.386174884072652,
          0.9428176288749859,
          1.436814511556771,
          1.4023974930620846,
          0.9442181117800719,
          0.9480175164668547,
          0.9425444249109808,
          0.9952126446343088,
          0.9439404067918956,
          14.377736534123326,
          0.9442736184245316,
          1.16345538187663,
          1.6569947874798023,
          0.9433484178504558,
          0.9461017272029074
        ],
        [
          0.9417621198946692,
          0.9442424833770253,
          1.7983144958602437,
          0.0,
          0.9424032281662567,
          3.945573371068326,
          1.5033887237106474,
          0.9441976189515617,
          0.9416717027274979,
          0.9446819616621734,
          0.944388665645848,
          0.9458576937554766,
          1.126326929283799,
          0.9422775595338512,
          0.9434708103127393,
          0.9431930856409018,
          0.9444223175208034,
          0.9425392061859739,
          0.9444845655375731,
          0.9418072418076114,
          0.9430765136961916,
          0.942335806378976,
          0.9473091039716426,
          0.9421545082929562,
          0.9425016549966866,
          1.5299173790838694,
          0.9433734839814973,
          0.9423832657981555,
          0.9416756323340268,
          0.9613121709972938,
          0.9461051590049756,
          1.2063657564201762,
          0.9479584251711177,
          0.9432064450068544,
          0.9429013659011564,
          0.9445316137476208,
          0.9460920239283329,
          3.34070130244384,
          0.9422140238693851,
          0.9434552487566732,
          0.9427071503923595,
          0.9420077554236495,
          0.9420897184165672,
          0.9418923031432047,
          0.9430410759721186,
          0.9422736529808896,
          0.9425825578640294,
          0.9417885332959371,
          0.943894412804503,
          0.9432520368461809,
          2.482158280620614,
          1.254366400010072,
          0.9427655721669975,
          1.2544607906028158,
          0.9461348327705866,
          0.9420671234996605,
          0.9417586683771181,
          0.9416507070037846,
          0.9467612389449627,
          0.9443958927238725,
          0.9428550735939114,
          1.241033862136517,
          1.4035513600767382,
          0.9427144609161533,
          0.9431649286220196,
          0.9419572305120623,
          0.9419458059603135,
          0.9428436709558287,
          0.946286739629713,
          0.9417994696862853,
          0.9415006453948118,
          1.0074857198271714,
          0.9428327587242368,
          0.9509345554129784,
          1.4243397650039573,
          0.942895998961472,
          0.9429197272844846,
          0.942265653304983,
          0.9432971863057523,
          0.9599328979193268,
          3.1623438661248806,
          0.9428661886632234,
          0.9425447092996858,
          0.9490252288026068,
          0.9429825235104516,
          0.94533448886182
        ],
        [
          0.9410330698361214,
          0.9420692920270778,
          1.4157425748069068,
          0.9424032281662567,
          0.0,
          0.9455001142762472,
          0.942149106036568,
          0.9421069474468865,
          0.9410544203671679,
          0.9420753701655964,
          0.9416554236724844,
          0.9408611564000157,
          0.9433909226107358,
          0.9413920765288821,
          0.9416131541879997,
          0.9418358046079993,
          0.9419372066592916,
          0.941406177280671,
          0.9421598518033131,
          0.9410084923195485,
          0.9417906649006862,
          0.9413093412495579,
          0.943156471919178,
          0.9414201641112753,
          0.9415978196013491,
          0.9423205500620244,
          0.9417755049699289,
          0.9415029744993793,
          0.9411353815107155,
          0.9412219284216226,
          0.9419746600042421,
          0.941409226455531,
          1.0881701839631581,
          0.9417526882779406,
          0.9426833470414245,
          0.9419812204027632,
          0.9428978227453519,
          1.372465523635317,
          0.9411715363491898,
          0.9417763158552498,
          0.941518341075694,
          0.9410311489169786,
          0.9411272867975513,
          0.9412805194545175,
          0.9415650365333764,
          0.9412430831956935,
          0.9411619721610585,
          0.9416776141297205,
          0.9418053025776677,
          1.2169507615538984,
          0.9417239249715986,
          0.9433708873162673,
          0.9417081000463897,
          0.9417033378683736,
          0.9420473916824614,
          0.9410884205506957,
          0.9410127923984523,
          0.9414824465008906,
          0.9428955440936332,
          0.9424438092704374,
          0.9416437093923444,
          0.9451385750603187,
          1.5256840786869226,
          0.941988213776744,
          0.941740616880046,
          0.9414730351064018,
          0.9410524404346369,
          0.9418227354122224,
          0.9417593130047235,
          0.9410100492033426,
          0.9408983635609992,
          0.942557447180322,
          0.9415330382274373,
          0.9460625992019811,
          0.9424803154630949,
          0.9417312834330744,
          0.941514968385983,
          0.941400978515736,
          0.9423203821705493,
          1.2449910132915372,
          1.7209943922402164,
          0.9417556249066331,
          0.941842557578853,
          0.9433295635621807,
          0.9416987880491268,
          0.9427418129205299
        ],
        [
          0.9421425985697576,
          1.6740535444150366,
          1.8131690693179932,
          3.945573371068326,
          0.9455001142762472,
          0.0,
          3.14062806649454,
          1.7923147031499427,
          0.9419608777392796,
          3.804516003260632,
          1.7693037104978697,
          1.9398598876815054,
          1.1740434247266371,
          0.9553855955960009,
          2.4582664045873934,
          1.2959326135271172,
          1.4330845292019039,
          1.338879813874074,
          2.1958346212497992,
          0.9441607962468404,
          0.9490560526560243,
          0.9447396812937765,
          6.509077853580003,
          0.944900091500871,
          0.9429429966663153,
          4.0755272762205115,
          1.3915776993416442,
          0.9466055804011554,
          0.942129011855738,
          1.3955638660535679,
          2.8410418037116187,
          0.944521056122099,
          1.4136851428729191,
          0.9448504703695747,
          0.9454226342537501,
          2.477051582189011,
          1.7934202399276769,
          11.061007912865788,
          1.4022534001578424,
          1.1738483829453032,
          0.9523028041547326,
          0.9577836195982139,
          1.205973654959634,
          0.9424030155314135,
          1.8966462114016005,
          0.9447190227868049,
          1.011098525211256,
          0.9433497698125832,
          1.0606070020772769,
          0.9468342635815186,
          11.949855533377026,
          4.867370612025988,
          0.9441542026791101,
          2.1036876684086576,
          1.8232705771595794,
          1.2999963803068968,
          0.944003718960071,
          0.9426715080208099,
          4.01630525475955,
          1.12728951265533,
          0.9503870682884928,
          2.695623084431006,
          0.9479872916148209,
          0.9490449160426688,
          1.3411940803563989,
          0.9433500173030891,
          1.3854139836690895,
          1.3585759123462893,
          1.4359246228089144,
          1.412613834120847,
          0.9421759615851102,
          2.6612665638605035,
          1.1649494496760546,
          5.79907797690983,
          9.919045833574806,
          1.3165876037947448,
          1.3005978194826808,
          1.1780059861659045,
          0.9839133953988198,
          1.8601092131806545,
          18.3249042685085,
          1.2226802216250139,
          0.9450013811405757,
          2.9846318903978104,
          1.0721505159338276,
          1.2460368359731782
        ],
        [
          0.9416356664884227,
          0.9468082009550072,
          0.9792950551243208,
          1.5033887237106474,
          0.942149106036568,
          3.14062806649454,
          0.0,
          0.943548814860536,
          0.9416346916128704,
          0.9438093025909015,
          0.9433519242570916,
          0.9431838768398727,
          0.9598790529761742,
          0.9421772246667373,
          0.9432085627626412,
          0.9435208739032775,
          0.9448310036011462,
          1.4140402209337777,
          1.211930873240514,
          0.9417308621554816,
          0.9428470087668049,
          0.9422069988195757,
          1.0057592935708903,
          0.9420197393687626,
          0.9421397059506659,
          0.9475656044425658,
          0.9430813607365599,
          0.9426391891157263,
          0.941662987325907,
          0.9420311486272595,
          0.9437392247927093,
          0.9423107494886817,
          1.094736674713849,
          0.942499679918444,
          0.9427237546972025,
          1.2177672371147863,
          0.9447131977769175,
          1.618288519906402,
          0.9419117162236013,
          1.2272276660059949,
          0.9427076415191579,
          0.9417098554794467,
          0.941960991028813,
          0.9420166380209573,
          0.9427228363570769,
          0.9419987321758652,
          0.9423331806466939,
          0.9418528014089551,
          0.942665147879027,
          0.9429903485702232,
          1.7300119861952339,
          1.1564643714065483,
          0.9423418239489375,
          0.943153565738298,
          0.9432436052688105,
          0.9420487320976908,
          0.9416961386982254,
          0.9417358911319959,
          0.9458571681625031,
          0.9438749073018927,
          0.9429656521112416,
          1.6808458205639198,
          0.9427724860045373,
          0.9424731790584655,
          0.9806739697951676,
          0.9419116702983955,
          0.9418101342220013,
          0.9449364028342476,
          0.9436754454146272,
          0.9417778877857959,
          0.9414413197261878,
          0.9450257392235526,
          0.9428613165770842,
          1.7142293496014933,
          2.268649850241416,
          0.9425113401027924,
          0.9426242599591678,
          0.9422189728565333,
          0.9430152078115759,
          0.9427725385941857,
          3.0845191523721525,
          0.943297282889445,
          0.9427923848972576,
          0.9465403510036624,
          0.9435041744239954,
          0.9451975997411404
        ],
        [
          0.9413125015353779,
          2.355475476374069,
          1.5369330518380082,
          0.9441976189515617,
          0.9421069474468865,
          1.7923147031499427,
          0.943548814860536,
          0.0,
          0.941297142578375,
          0.943133294723125,
          1.4160875048207469,
          1.412595649236835,
          1.0761830357284259,
          0.9650890214248423,
          0.9424795221742437,
          0.942486597193148,
          1.411767002507828,
          0.9421350245933007,
          0.9433905700862486,
          0.9413333006660041,
          0.9424663608959664,
          0.9421143031750144,
          1.0042605540943175,
          0.941776179483578,
          0.9419785831844416,
          0.9438075005626878,
          0.9423346911000878,
          1.4103071007632628,
          0.9413575393501454,
          0.9415289706809413,
          0.9434383964847475,
          0.9419228779244454,
          1.5361984193759002,
          0.9423050890322818,
          0.9425957768930529,
          0.9429845897716156,
          0.9447295026975111,
          2.18252518929789,
          0.9415683426990153,
          0.9427075832222307,
          0.9424395815653145,
          0.9414634272061698,
          0.9415242203783043,
          0.9414766400938793,
          0.9424831032223064,
          0.9417475700309224,
          0.9418888649294027,
          0.941696267258774,
          0.9432430336995671,
          1.1546522121489375,
          2.1543733490118973,
          0.9499098193315335,
          0.942252081644396,
          0.9425255936521648,
          0.9431326652181986,
          0.941443432323561,
          0.9413346781657306,
          0.9467420870497972,
          1.2119432567566504,
          0.947622555585454,
          0.9425256774529117,
          0.9607336686658514,
          0.9425663257025283,
          1.5671565561770997,
          0.9425756579009482,
          0.9418636184630272,
          0.9413540282517594,
          0.9654230931616391,
          0.9427668951118531,
          0.9413053808366942,
          0.9411688405191819,
          2.089482917364386,
          0.9466366158056755,
          0.9774000482619021,
          1.427539293308278,
          0.9423759628647418,
          0.9420949844405523,
          0.9416800878839653,
          0.9427821546979543,
          0.9423236468800755,
          5.5350506247269,
          0.9425836087038783,
          0.9421958754393722,
          1.0615143181116358,
          0.9425320717386528,
          0.9445055980886551
        ],
        [
          0.9407591815430769,
          0.941701531684024,
          0.9422126322234918,
          0.9416717027274979,
          0.9410544203671679,
          0.9419608777392796,
          0.9416346916128704,
          0.941297142578375,
          0.0,
          0.9415527715383026,
          0.9412059791106797,
          0.9400386744726494,
          0.9424055939643071,
          0.9410256035313043,
          0.9412619971929744,
          0.941687327915524,
          0.9416235210424911,
          0.9411393567464126,
          0.941703665369389,
          0.9407819094182003,
          0.94135395028877,
          0.9409331246368573,
          0.9416866566212182,
          0.9411285482665733,
          0.9410970214209969,
          0.9419653631874522,
          0.9413106995919381,
          0.9412855004682572,
          0.9407896580068549,
          0.9409989657376637,
          0.9415991191230484,
          0.9410938899885121,
          1.4207811700038087,
          0.9413040013910499,
          0.9420750556347306,
          0.9416895241839273,
          0.941859164980007,
          0.943128388782303,
          0.9408208005307248,
          0.9415862556201016,
          0.9411866566423656,
          0.9407428442000679,
          0.9408482489289224,
          0.941092978458589,
          0.9412345333801135,
          0.9409248585313483,
          0.9408788260394253,
          1.4105524524453803,
          0.9413291322968435,
          0.9416347579517914,
          0.940819604047373,
          0.9428585164542449,
          0.9412377844709612,
          0.9412851300665337,
          0.9415842185648727,
          0.9408715077183988,
          0.9407853363367399,
          0.9409561587793025,
          0.9423583637442641,
          0.9419673018030503,
          0.941257606687853,
          0.9445840465183138,
          0.9409781997291804,
          0.9411695875275197,
          0.9413758763920689,
          0.9411878010630554,
          0.9407826166699734,
          0.941549582849879,
          0.941434785274555,
          0.9407865977253939,
          0.9406897335786302,
          0.9419340729606662,
          0.9413420035739006,
          0.9431842034869936,
          0.941378542847731,
          0.941370341242175,
          0.9410504718893634,
          0.9413081944775973,
          0.9416563971533313,
          0.9412690872736705,
          0.9366374337161035,
          0.9413498495105629,
          0.9415992243123503,
          0.942597358804421,
          0.941437943579542,
          0.9423635216241838
        ],
        [
          0.9414728236766022,
          1.4058541792854764,
          1.0854544871807301,
          0.9446819616621734,
          0.9420753701655964,
          3.804516003260632,
          0.9438093025909015,
          0.943133294723125,
          0.9415527715383026,
          0.0,
          0.9434754962381418,
          2.1516742187591227,
          1.5851869532307723,
          0.9419896345047849,
          0.9426334871895717,
          0.9425013348307101,
          1.2379720934205607,
          1.183391144704012,
          0.9432748702570648,
          0.9415731154627759,
          0.9425265666494882,
          0.942323021204504,
          2.3121668292234117,
          0.942173341788229,
          0.9418466363743365,
          1.2171595557349204,
          0.9425448661374252,
          0.9420288107936078,
          0.9416473592497991,
          0.9420294643818169,
          0.943237162296566,
          0.9420514296720256,
          1.2042803611188377,
          0.9426121844714915,
          1.4573975425946935,
          1.0616182213857361,
          1.1103166144926757,
          1.2027723778511206,
          0.9416507553275474,
          0.9429189432727729,
          0.9424343634139913,
          0.9415458082705422,
          0.9418032261245036,
          0.9418651658065994,
          0.9425183147457253,
          0.9419113163051148,
          0.9420053672837386,
          0.9427647786685239,
          0.9423517541788631,
          0.9426916479457228,
          0.9453080881677393,
          0.9841491909137086,
          0.978478691399071,
          1.4099542029937988,
          0.9434455648982626,
          0.9416840462009897,
          0.9415796397179848,
          0.9448123471746106,
          0.966039269424074,
          0.943490591762218,
          0.9426331805814914,
          0.9470685844915843,
          0.9425139237644065,
          0.9419282233344791,
          1.413601676468917,
          1.2153739578705385,
          0.941515567685706,
          0.9425711221872116,
          0.9481202308977236,
          0.9415387284814773,
          0.9416267459444964,
          0.9443109445887906,
          0.9420766922918818,
          0.9461764646006204,
          1.7047094371758604,
          0.942820215185606,
          0.9426431371863545,
          0.9419769846028414,
          0.9432404034057641,
          1.4102745068392288,
          4.872178627383871,
          0.942641584916156,
          1.4055196166562751,
          0.9454374341661103,
          0.9424856008139944,
          0.944323384084628
        ],
        [
          0.941239337302314,
          0.9432437906189052,
          1.051967609635309,
          0.944388665645848,
          0.9416554236724844,
          1.7693037104978697,
          0.9433519242570916,
          1.4160875048207469,
          0.9412059791106797,
          0.9434754962381418,
          0.0,
          1.8858557002502019,
          1.2987924098604289,
          0.943143049677573,
          1.2199994614958172,
          0.9423426195034356,
          0.9430038623492861,
          0.9419073288045574,
          1.199173288027765,
          0.9412204498589964,
          0.947117242389953,
          0.9419299566124812,
          1.0918972446392412,
          0.9415398998045393,
          0.9419415487096795,
          0.9454733488316287,
          0.9422969071904196,
          0.9418339098705845,
          0.941214716982435,
          0.9425214444598895,
          0.9593446720222336,
          1.2469980670506249,
          0.945766964677316,
          0.9422405934120902,
          0.9427398542361833,
          0.9428300264618257,
          0.9528462737656979,
          1.4152301434792232,
          0.9414442687946362,
          0.9424592169772755,
          0.9423628891142077,
          0.9414578202273496,
          0.9415086959326574,
          0.9414156252744758,
          0.9422903509676186,
          0.9420728867424253,
          0.9417282632691351,
          0.941433890100466,
          0.9667234360387055,
          0.9426069225958607,
          0.9452719812032698,
          1.1063784404829724,
          0.9424050639451937,
          0.9426666558057867,
          1.416702668951235,
          0.9413967435800261,
          0.9412245635038339,
          0.9412012899950164,
          1.0385622261866911,
          0.9454345793699713,
          0.943114143433821,
          1.2094769249939785,
          0.9420520683380339,
          0.9424957751057402,
          0.9432631706955681,
          0.9418676427880613,
          0.9412973107135869,
          0.9430857800936764,
          0.9424899639488307,
          0.94129022585249,
          0.9411459856599518,
          5.61308095168385,
          0.9418921454792434,
          0.9463667566952642,
          0.9764469918281147,
          0.943022998605835,
          0.9420271112280061,
          0.9416142715208249,
          0.9425690836827391,
          0.941970483255736,
          4.491611177347133,
          0.9435793222380212,
          0.9419460069707005,
          1.4212319632713515,
          0.9441186297693519,
          0.9447164877670401
        ],
        [
          0.9401377919119414,
          0.9435655310921836,
          8.806024504164347,
          0.9458576937554766,
          0.9408611564000157,
          1.9398598876815054,
          0.9431838768398727,
          1.412595649236835,
          0.9400386744726494,
          2.1516742187591227,
          1.8858557002502019,
          0.0,
          0.9761377801179261,
          0.940815527097337,
          0.9416267877603427,
          0.9409259719816292,
          0.9415138357924232,
          0.974190301521096,
          0.9432190174091135,
          0.9401008203369169,
          0.9413995132858286,
          0.9412054064054788,
          2.4803243036683305,
          0.9406451082679615,
          0.9692459165986748,
          1.8854298610836708,
          1.391700530817727,
          0.9408615672807057,
          0.9401038256581568,
          3.6680747405968273,
          0.9427189063915147,
          0.9407637202012257,
          2.9171757599356583,
          2.2206595440526535,
          2.8499344772206583,
          1.411778202377367,
          1.4191503000903238,
          1.5593744998275951,
          0.9410083839175712,
          3.8963885864362533,
          0.9416496341011462,
          0.9405418299222971,
          0.9405665287772602,
          0.9405058610215694,
          1.4028081451120102,
          0.940302435899108,
          0.9407149049589209,
          3.0759339924449125,
          0.9430137023117365,
          0.9418172402064475,
          1.4020679970145358,
          1.8486314826597696,
          0.9470383037164058,
          1.510478606434493,
          1.2240745878348844,
          0.9418040081314162,
          0.9399796359023843,
          0.9445341627434962,
          0.9913582544160671,
          0.943605639762811,
          0.9414313758960399,
          0.94652215954302,
          1.8451135755515444,
          0.9414756819989825,
          0.9416210654265594,
          3.7772076724780286,
          0.9402729766383782,
          0.9415948010280463,
          1.4165142565217208,
          0.9399834503750156,
          5.236003582864773,
          2.9685244690142767,
          0.9408126064187112,
          1.4352345864053206,
          1.4196213740656445,
          2.993740729228564,
          6.535236199706641,
          0.9407047917116189,
          0.9429581709650547,
          0.9425186882145028,
          7.706914006002678,
          0.9416665947911277,
          1.692590011030213,
          1.893675202414946,
          0.9415828126979818,
          2.1937087791935386
        ],
        [
          0.9423544295378545,
          0.9485569100782221,
          0.9487543168548719,
          1.126326929283799,
          0.9433909226107358,
          1.1740434247266371,
          0.9598790529761742,
          1.0761830357284259,
          0.9424055939643071,
          1.5851869532307723,
          1.2987924098604289,
          0.9761377801179261,
          0.0,
          0.9434797277539035,
          1.1321528437385404,
          0.9463437010089585,
          1.4434949715318914,
          0.9435174201487672,
          0.9461187136928866,
          0.9423986533954214,
          1.0288604361214537,
          0.9535180550151062,
          1.0978395488120716,
          0.9427364050087783,
          0.9447968873351575,
          0.9486470730191141,
          0.943976688002234,
          0.9478843324491844,
          0.9424973213872548,
          1.2165443496734318,
          1.5190879526667094,
          1.0993379167279147,
          1.1872034771596764,
          0.9445645229337154,
          1.019651497436034,
          0.9465642310155918,
          1.6464182583177844,
          1.1866996133201284,
          0.9426097472141923,
          1.2232967681160933,
          0.946650843904683,
          0.9426661276920449,
          0.9427366743378429,
          0.9428038896683687,
          1.2763781998305717,
          0.9432099758824926,
          1.2453383911425648,
          0.9429410561583479,
          1.2295938920078149,
          0.9782913848305874,
          0.9499874432219814,
          2.2933072671394297,
          1.0200244362278672,
          0.9464911885928158,
          0.9483297926685251,
          0.9425343757237945,
          0.9424093085597609,
          0.9426908825510618,
          1.4634371947789977,
          1.3557644174723804,
          1.1861099047753303,
          2.711079809452279,
          0.9498209377793528,
          0.9441414932005439,
          0.9480348543046553,
          0.9433829252963579,
          0.9423958406571696,
          1.025131999755064,
          0.946337670612546,
          0.9423559152432103,
          0.942154555801229,
          7.86933515085345,
          0.9454795700624732,
          2.1139809875230604,
          1.9211734014404904,
          1.2144202925633407,
          0.9431291223218534,
          0.9427847946203768,
          0.9449380591836649,
          0.9519127792324443,
          15.104795280340225,
          0.9584540712903243,
          0.9441694569284724,
          1.0911496100395692,
          0.9460601033239235,
          0.9554736331399514
        ],
        [
          0.9410607797610028,
          0.942080521582308,
          0.9431225147741883,
          0.9422775595338512,
          0.9413920765288821,
          0.9553855955960009,
          0.9421772246667373,
          0.9650890214248423,
          0.9410256035313043,
          0.9419896345047849,
          0.943143049677573,
          0.940815527097337,
          0.9434797277539035,
          0.0,
          0.9417728398592513,
          0.9418267098847457,
          0.9419074253734092,
          0.9414764615496789,
          0.9422526200198343,
          0.9410342190295745,
          0.9417388559098143,
          0.941326189727023,
          0.9426513179849,
          0.9413021623866962,
          0.941478508755918,
          0.9424512972718352,
          0.9416582385547395,
          0.9415479438466783,
          0.9410344384836995,
          0.9412290908874503,
          0.9419834174273906,
          0.9415115037482952,
          0.9439740253538763,
          0.9416904230528501,
          0.9420294763027833,
          0.9420084756683816,
          0.9425354875553305,
          0.9562129822685199,
          0.941170061157698,
          0.9417432599777906,
          0.9415837748167463,
          0.9410695175695631,
          0.9411430311738385,
          0.9413139006915546,
          0.9415527170063277,
          0.9412052308454274,
          0.9411959472296466,
          0.9411045495166371,
          0.9419307898238626,
          0.9420166440800544,
          0.9423945037308729,
          0.9436018277437991,
          0.9416238107413553,
          0.9416892503854529,
          0.9418373821051411,
          0.9411112893423871,
          0.9410381724707466,
          0.9410987642062445,
          0.9427978993634243,
          0.9421551729061611,
          0.9418605764580819,
          0.9448158138609933,
          0.9414392189116749,
          0.9416720432493743,
          0.941668135187901,
          0.9413839145261352,
          0.9410789838332572,
          1.2510185495972115,
